Enhanced Mesh Information
==================================================
vertices_count: 10475
vertices_shape: (10475, 3)
bbox_min: [-0.4620267152786255, -0.8400464057922363, 39.39727020263672]
bbox_max: [0.40833941102027893, 0.8197306990623474, 40.49660110473633]
center: [-0.0005039204843342304, -0.35072946548461914, 39.96879959106445]
